0,417
0,416
0,415
0,414
0,413
37,3
37,2
0,412
37,1
37,0
0,411
0,410
0,409
0,408
0,407
0,406
0,405
0,404
0,403
0,402
0,401
0,400
36,3
36,2
0,399
36,1
36,0
0,398
0,397
35,3
35,2
35,1
35,0
0,396
0,395
0,394
34,3
34,2
34,1
34,0
0,393
0,392
0,391
0,390
33,3
33,2
33,1
33,0
32,3
32,2
32,1
32,0
0,389
0,388
0,387
0,386
31,3
31,2
31,1
31,0
0,385
0,384
0,319
30,3
30,2
30,1
30,0
0,278
0,318
29,3
29,2
29,1
29,0
10,6
10,179
10,250
10,167
10,159
10,144
10,281
10,118
11,15
11,9
9,7
8,7
27,3
27,2
27,1
27,0
26,3
